100      12.000000
200      26.000000
300      41.000000
400      57.000000
500      75.000000
600      93.000000
700      111.000000
800      136.000000
900      132.000000
1000      148.000000
1100      166.000000
1200      183.000000
1300      201.000000
1400      219.000000
1500      236.000000
1600      253.000000
1700      272.000000
1800      291.000000
1900      335.000000
2000      354.000000
2100      375.000000
2200      394.000000
2300      415.000000
2400      435.000000
2500      457.000000
2600      476.000000
2700      498.000000
2800      524.000000
2900      541.000000
3000      561.000000
3100      584.000000
3200      606.000000
3300      627.000000
3400      701.000000
3500      672.000000
3600      694.000000
3700      713.000000
3800      737.000000
3900      758.000000
4000      770.000000
4100      748.000000
4200      757.000000
4300      778.000000
4400      794.000000
4500      817.000000
4600      835.000000
4700      858.000000
4800      877.000000
4900      943.000000
5000      937.000000
5100      956.000000
5200      1028.000000
5300      1212.000000
5400      1039.000000
5500      1023.000000
5600      1075.000000
5700      1123.000000
5800      1082.000000
5900      1109.000000
6000      1125.000000
6100      1147.000000
6200      1167.000000
6300      1235.000000
6400      1210.000000
6500      1230.000000
6600      1353.000000
6700      1278.000000
6800      1297.000000
6900      1369.000000
7000      1336.000000
7100      1364.000000
7200      1381.000000
7300      1403.000000
7400      1469.000000
7500      1446.000000
7600      1484.000000
7700      1495.000000
7800      1516.000000
7900      1580.000000
8000      1552.000000
8100      1579.000000
8200      1611.000000
8300      1618.000000
8400      1744.000000
8500      1661.000000
8600      1698.000000
8700      1708.000000
8800      1736.000000
8900      1749.000000
9000      1772.000000
9100      1817.000000
9200      1835.000000
9300      1914.000000
9400      1888.000000
9500      1886.000000
9600      1917.000000
9700      1970.000000
9800      1944.000000
9900      1974.000000
10000      1990.000000
10100      2017.000000
10200      2034.000000
10300      2060.000000
10400      2106.000000
10500      2105.000000
10600      2122.000000
10700      2148.000000
10800      2168.000000
10900      2198.000000
11000      2212.000000
11100      2251.000000
11200      2294.000000
11300      2285.000000
11400      2307.000000
11500      2349.000000
11600      2372.000000
11700      2383.000000
11800      2408.000000
11900      2423.000000
12000      2452.000000
12100      2468.000000
12200      2492.000000
12300      2522.000000
12400      2533.000000
12500      2581.000000
12600      2588.000000
12700      2704.000000
12800      2642.000000
12900      2661.000000
13000      2701.000000
13100      2713.000000
13200      2818.000000
13300      2761.000000
13400      2812.000000
13500      2787.000000
13600      2806.000000
13700      2840.000000
13800      2858.000000
13900      2877.000000
14000      2902.000000
14100      2929.000000
14200      2956.000000
14300      2975.000000
14400      2998.000000
14500      3021.000000
14600      3046.000000
14700      3062.000000
14800      3104.000000
14900      3114.000000
15000      3132.000000
15100      3161.000000
15200      3186.000000
15300      3219.000000
15400      3268.000000
15500      3251.000000
15600      3268.000000
15700      3295.000000
15800      3332.000000
15900      3345.000000
16000      3363.000000
16100      3392.000000
16200      3436.000000
16300      3437.000000
16400      3461.000000
16500      3493.000000
16600      3518.000000
16700      3547.000000
16800      3561.000000
16900      3590.000000
17000      3606.000000
17100      3640.000000
17200      3656.000000
17300      3682.000000
17400      3703.000000
17500      3735.000000
17600      3758.000000
17700      3786.000000
17800      3790.000000
17900      3842.000000
18000      3850.000000
18100      3861.000000
18200      3888.000000
18300      3910.000000
18400      3931.000000
18500      3957.000000
18600      3974.000000
18700      4008.000000
18800      4074.000000
18900      4051.000000
19000      4102.000000
19100      4101.000000
19200      4129.000000
19300      4153.000000
19400      4163.000000
19500      4196.000000
19600      4241.000000
19700      4241.000000
19800      4265.000000
19900      4285.000000
20000      4318.000000
20100      4348.000000
20200      4351.000000
20300      4390.000000
20400      4404.000000
20500      4425.000000
20600      4453.000000
20700      4489.000000
20800      4501.000000
20900      4527.000000
21000      4549.000000
21100      4581.000000
21200      4591.000000
21300      4621.000000
21400      4652.000000
21500      4674.000000
21600      4683.000000
21700      4726.000000
21800      4739.000000
21900      4764.000000
22000      4804.000000
22100      4844.000000
22200      4849.000000
22300      4882.000000
22400      4890.000000
22500      4954.000000
22600      4940.000000
22700      4973.000000
22800      4982.000000
22900      5017.000000
23000      5029.000000
23100      5069.000000
23200      5078.000000
23300      5103.000000
23400      5205.000000
23500      5359.000000
23600      5257.000000
23700      5378.000000
23800      5262.000000
23900      5260.000000
24000      5312.000000
24100      5476.000000
24200      5373.000000
24300      5424.000000
24400      5374.000000
24500      5490.000000
24600      5470.000000
24700      5448.000000
24800      5527.000000
24900      5681.000000
25000      5644.000000
25100      5584.000000
25200      5636.000000
25300      5669.000000
25400      5640.000000
25500      5666.000000
25600      5751.000000
25700      5801.000000
25800      5711.000000
25900      5801.000000
26000      5809.000000
26100      5848.000000
26200      6047.000000
26300      5857.000000
26400      5903.000000
26500      5985.000000
26600      5953.000000
26700      5950.000000
26800      6131.000000
26900      6036.000000
27000      6038.000000
27100      6101.000000
27200      6061.000000
27300      6111.000000
27400      6131.000000
27500      6202.000000
27600      6181.000000
27700      6216.000000
27800      6235.000000
27900      6325.000000
28000      6301.000000
28100      6363.000000
28200      6342.000000
28300      6434.000000
28400      6547.000000
28500      6433.000000
28600      6457.000000
28700      6502.000000
28800      6480.000000
28900      6500.000000
29000      6556.000000
29100      6559.000000
29200      6550.000000
29300      6583.000000
29400      6604.000000
29500      6626.000000
29600      6658.000000
29700      6680.000000
29800      6700.000000
29900      6723.000000
30000      6750.000000
30100      6814.000000
30200      6809.000000
30300      6865.000000
30400      6853.000000
30500      6901.000000
30600      6917.000000
30700      6930.000000
30800      6951.000000
30900      6986.000000
31000      7003.000000
31100      7892.000000
31200      7423.000000
31300      7351.000000
31400      7649.000000
31500      7224.000000
31600      8080.000000
31700      8011.000000
31800      7761.000000
31900      7341.000000
32000      7504.000000
32100      7367.000000
32200      7363.000000
32300      7639.000000
32400      7526.000000
32500      7664.000000
32600      7476.000000
32700      7740.000000
32800      7642.000000
32900      7958.000000
33000      7723.000000
33100      7769.000000
33200      7709.000000
33300      7741.000000
33400      7832.000000
33500      7887.000000
33600      7765.000000
33700      7841.000000
33800      7935.000000
33900      8032.000000
34000      7947.000000
34100      8075.000000
34200      8063.000000
34300      8309.000000
34400      8116.000000
34500      8176.000000
34600      7950.000000
34700      7975.000000
34800      7983.000000
34900      8006.000000
35000      8006.000000
35100      8054.000000
35200      8073.000000
35300      8115.000000
35400      8133.000000
35500      8162.000000
35600      8166.000000
35700      8226.000000
35800      8212.000000
35900      8266.000000
36000      8269.000000
36100      8377.000000
36200      8354.000000
36300      8392.000000
36400      8385.000000
36500      8427.000000
36600      8410.000000
36700      8485.000000
36800      8471.000000
36900      8525.000000
37000      8538.000000
37100      8535.000000
37200      8576.000000
37300      8597.000000
37400      8622.000000
37500      8645.000000
37600      8692.000000
37700      8705.000000
37800      8718.000000
37900      8755.000000
38000      8782.000000
38100      9136.000000
38200      8931.000000
38300      9147.000000
38400      8913.000000
38500      9013.000000
38600      9003.000000
38700      8991.000000
38800      8971.000000
38900      9023.000000
39000      9034.000000
39100      9085.000000
39200      9546.000000
39300      10138.000000
39400      9645.000000
39500      9304.000000
39600      9364.000000
39700      9260.000000
39800      9375.000000
39900      9261.000000
40000      9285.000000
40100      9320.000000
40200      9327.000000
40300      9380.000000
40400      9385.000000
40500      9443.000000
40600      9444.000000
40700      9489.000000
40800      9488.000000
40900      9519.000000
41000      9999.000000
41100      10243.000000
41200      10654.000000
41300      10365.000000
41400      10262.000000
41500      10079.000000
41600      10251.000000
41700      10503.000000
41800      10169.000000
41900      11136.000000
42000      10335.000000
42100      10027.000000
42200      10188.000000
42300      10419.000000
42400      10155.000000
42500      10346.000000
42600      10266.000000
42700      10049.000000
42800      10115.000000
42900      10200.000000
43000      10087.000000
43100      10268.000000
43200      10235.000000
43300      10244.000000
43400      10744.000000
43500      10435.000000
43600      10346.000000
43700      10371.000000
43800      10295.000000
43900      10288.000000
44000      10461.000000
44100      10384.000000
44200      10481.000000
44300      10516.000000
44400      10532.000000
44500      10471.000000
44600      10494.000000
44700      10523.000000
44800      10534.000000
44900      10688.000000
45000      10679.000000
45100      10651.000000
45200      10633.000000
45300      10667.000000
45400      10672.000000
45500      10729.000000
45600      10967.000000
45700      10884.000000
45800      10884.000000
45900      10870.000000
46000      10896.000000
46100      10884.000000
46200      10899.000000
46300      10981.000000
46400      10979.000000
46500      11078.000000
46600      11137.000000
46700      11295.000000
46800      11274.000000
46900      11209.000000
47000      11374.000000
47100      11270.000000
47200      11320.000000
47300      11254.000000
47400      11347.000000
47500      11302.000000
47600      11433.000000
47700      11624.000000
47800      11612.000000
47900      11726.000000
48000      11581.000000
48100      11471.000000
48200      11532.000000
48300      11513.000000
48400      11509.000000
48500      11698.000000
48600      11525.000000
48700      11584.000000
48800      11572.000000
48900      11659.000000
49000      11860.000000
49100      11877.000000
49200      11899.000000
49300      11860.000000
49400      11794.000000
49500      11763.000000
49600      11833.000000
49700      11873.000000
49800      11952.000000
49900      11860.000000
50000      12312.000000
50100      12151.000000
50200      12340.000000
50300      12313.000000
50400      12061.000000
50500      12164.000000
50600      12103.000000
50700      12156.000000
50800      12227.000000
50900      12222.000000
51000      12510.000000
51100      12409.000000
51200      12403.000000
51300      12345.000000
51400      12274.000000
51500      12308.000000
51600      12362.000000
51700      12474.000000
51800      12478.000000
51900      12581.000000
52000      12578.000000
52100      12452.000000
52200      12449.000000
52300      12484.000000
52400      12532.000000
52500      12536.000000
52600      12571.000000
52700      12581.000000
52800      12616.000000
52900      12676.000000
53000      12687.000000
53100      12785.000000
53200      13340.000000
53300      13052.000000
53400      13221.000000
53500      13170.000000
53600      12959.000000
53700      13676.000000
53800      13115.000000
53900      13977.000000
54000      13908.000000
54100      14216.000000
54200      13719.000000
54300      13202.000000
54400      13219.000000
54500      13349.000000
54600      13450.000000
54700      13506.000000
54800      13368.000000
54900      13450.000000
55000      13347.000000
55100      13445.000000
55200      13487.000000
55300      13641.000000
55400      13407.000000
55500      13437.000000
55600      13753.000000
55700      14362.000000
55800      13547.000000
55900      13999.000000
56000      13992.000000
56100      14266.000000
56200      13981.000000
56300      14334.000000
56400      13959.000000
56500      13970.000000
56600      13884.000000
56700      14232.000000
56800      14306.000000
56900      14066.000000
57000      14024.000000
57100      14078.000000
57200      13894.000000
57300      14052.000000
57400      14281.000000
57500      14112.000000
57600      14019.000000
57700      14037.000000
57800      13946.000000
57900      14055.000000
58000      14502.000000
58100      14231.000000
58200      14590.000000
58300      14244.000000
58400      14228.000000
58500      14179.000000
58600      14216.000000
58700      14273.000000
58800      14273.000000
58900      14308.000000
59000      14500.000000
59100      14348.000000
59200      14873.000000
59300      14908.000000
59400      14652.000000
59500      14617.000000
59600      14610.000000
59700      14619.000000
59800      14701.000000
59900      14900.000000
60000      14857.000000
60100      14673.000000
60200      14683.000000
60300      14824.000000
60400      14997.000000
60500      15137.000000
60600      14812.000000
60700      14804.000000
60800      14733.000000
60900      14788.000000
61000      14796.000000
61100      14861.000000
61200      14880.000000
61300      14905.000000
61400      14953.000000
61500      14955.000000
61600      14951.000000
61700      15026.000000
61800      15003.000000
61900      15125.000000
62000      15321.000000
62100      15416.000000
62200      15391.000000
62300      15325.000000
62400      15247.000000
62500      15218.000000
62600      15393.000000
62700      15300.000000
62800      15255.000000
62900      15318.000000
63000      15389.000000
63100      15395.000000
63200      15402.000000
63300      15418.000000
63400      15430.000000
63500      15613.000000
63600      15729.000000
63700      16079.000000
63800      15860.000000
63900      16006.000000
64000      15838.000000
64100      15756.000000
64200      15773.000000
64300      15766.000000
64400      15712.000000
64500      15753.000000
64600      15769.000000
64700      15795.000000
64800      15825.000000
64900      15949.000000
65000      15904.000000
65100      15906.000000
65200      15962.000000
65300      16074.000000
65400      16039.000000
65500      16042.000000
65600      16017.000000
65700      16062.000000
65800      16093.000000
65900      16133.000000
66000      16166.000000
66100      16196.000000
66200      16174.000000
66300      16626.000000
66400      16647.000000
66500      16468.000000
66600      16438.000000
66700      16436.000000
66800      16417.000000
66900      16485.000000
67000      16502.000000
67100      16602.000000
67200      16603.000000
67300      16912.000000
67400      16818.000000
67500      16745.000000
67600      16694.000000
67700      16823.000000
67800      16939.000000
67900      16958.000000
68000      16974.000000
68100      17063.000000
68200      16931.000000
68300      17068.000000
68400      16913.000000
68500      17192.000000
68600      17342.000000
68700      17164.000000
68800      17189.000000
68900      17268.000000
69000      17268.000000
69100      17464.000000
69200      17260.000000
69300      17256.000000
69400      17133.000000
69500      17357.000000
69600      17100.000000
69700      17191.000000
69800      17146.000000
69900      17270.000000
70000      17489.000000
70100      17521.000000
70200      17476.000000
70300      17439.000000
70400      17567.000000
70500      17663.000000
70600      17797.000000
70700      17798.000000
70800      17771.000000
70900      17690.000000
71000      17708.000000
71100      17667.000000
71200      17611.000000
71300      17595.000000
71400      17635.000000
71500      17801.000000
71600      18264.000000
71700      18387.000000
71800      18298.000000
71900      19443.000000
72000      18027.000000
72100      18028.000000
72200      17964.000000
72300      19185.000000
72400      19508.000000
72500      18318.000000
72600      18196.000000
72700      18213.000000
72800      18436.000000
72900      18125.000000
73000      18051.000000
73100      18120.000000
73200      18107.000000
73300      18228.000000
73400      18697.000000
73500      18544.000000
73600      18345.000000
73700      18456.000000
73800      18439.000000
73900      18458.000000
74000      18492.000000
74100      18509.000000
74200      18680.000000
74300      18779.000000
74400      18735.000000
74500      18818.000000
74600      18932.000000
74700      18854.000000
74800      18888.000000
74900      18676.000000
75000      18672.000000
75100      18692.000000
75200      18696.000000
75300      18786.000000
75400      18729.000000
75500      18839.000000
75600      18814.000000
75700      18825.000000
75800      18843.000000
75900      18917.000000
76000      19118.000000
76100      19089.000000
76200      19004.000000
76300      19038.000000
76400      19368.000000
76500      19262.000000
76600      19322.000000
76700      19091.000000
76800      19097.000000
76900      19132.000000
77000      19148.000000
77100      19209.000000
77200      19224.000000
77300      19246.000000
77400      19231.000000
77500      19289.000000
77600      19462.000000
77700      19356.000000
77800      19342.000000
77900      19482.000000
78000      19395.000000
78100      19476.000000
78200      19471.000000
78300      19531.000000
78400      19517.000000
78500      19567.000000
78600      19572.000000
78700      19617.000000
78800      19706.000000
78900      19672.000000
79000      19660.000000
79100      19860.000000
79200      19775.000000
79300      19777.000000
79400      19771.000000
79500      19838.000000
79600      19820.000000
79700      19916.000000
79800      19922.000000
79900      19949.000000
80000      19955.000000
80100      20033.000000
80200      20016.000000
80300      20039.000000
80400      20048.000000
80500      20788.000000
80600      20198.000000
80700      20221.000000
80800      20173.000000
80900      20256.000000
81000      20221.000000
81100      20284.000000
81200      20448.000000
81300      20367.000000
81400      20383.000000
81500      20436.000000
81600      20426.000000
81700      20524.000000
81800      20542.000000
81900      20588.000000
82000      20899.000000
82100      21286.000000
82200      20751.000000
82300      20632.000000
82400      20615.000000
82500      20665.000000
82600      20694.000000
82700      20853.000000
82800      20795.000000
82900      21135.000000
83000      20912.000000
83100      20955.000000
83200      20967.000000
83300      21016.000000
83400      21032.000000
83500      21369.000000
83600      21389.000000
83700      21240.000000
83800      21134.000000
83900      21177.000000
84000      21213.000000
84100      21225.000000
84200      21263.000000
84300      21609.000000
84400      21308.000000
84500      21279.000000
84600      21674.000000
84700      22195.000000
84800      22196.000000
84900      22360.000000
85000      22328.000000
85100      21859.000000
85200      22038.000000
85300      21939.000000
85400      21901.000000
85500      21783.000000
85600      22270.000000
85700      21888.000000
85800      21655.000000
85900      21605.000000
86000      21608.000000
86100      21668.000000
86200      21690.000000
86300      22285.000000
86400      22221.000000
86500      22279.000000
86600      21945.000000
86700      21866.000000
86800      21874.000000
86900      21942.000000
87000      21936.000000
87100      22084.000000
87200      22033.000000
87300      22293.000000
87400      22924.000000
87500      22352.000000
87600      23290.000000
87700      23900.000000
87800      22413.000000
87900      22826.000000
88000      22378.000000
88100      22235.000000
88200      22280.000000
88300      22292.000000
88400      22498.000000
88500      22790.000000
88600      23540.000000
88700      23771.000000
88800      24749.000000
88900      23123.000000
89000      23041.000000
89100      22880.000000
89200      22981.000000
89300      23532.000000
89400      23811.000000
89500      23649.000000
89600      23629.000000
89700      22972.000000
89800      22678.000000
89900      22791.000000
90000      22982.000000
90100      22881.000000
90200      22845.000000
90300      22854.000000
90400      22856.000000
90500      23991.000000
90600      23630.000000
90700      23059.000000
90800      22953.000000
90900      23044.000000
91000      23038.000000
91100      23089.000000
91200      23054.000000
91300      23126.000000
91400      23155.000000
91500      23203.000000
91600      23247.000000
91700      23412.000000
91800      23253.000000
91900      24473.000000
92000      24209.000000
92100      23629.000000
92200      23725.000000
92300      23395.000000
92400      23424.000000
92500      23467.000000
92600      23489.000000
92700      23775.000000
92800      26438.000000
92900      26448.000000
93000      24157.000000
93100      24115.000000
93200      24025.000000
93300      23756.000000
93400      23676.000000
93500      24043.000000
93600      23908.000000
93700      23913.000000
93800      24291.000000
93900      25246.000000
94000      24518.000000
94100      24279.000000
94200      24809.000000
94300      24235.000000
94400      25117.000000
94500      25111.000000
94600      24290.000000
94700      24338.000000
94800      24196.000000
94900      24817.000000
95000      24614.000000
95100      24726.000000
95200      24617.000000
95300      24651.000000
95400      24534.000000
95500      24447.000000
95600      24443.000000
95700      24606.000000
95800      24562.000000
95900      24878.000000
96000      26404.000000
96100      24896.000000
96200      24891.000000
96300      25006.000000
96400      24884.000000
96500      24738.000000
96600      24623.000000
96700      25081.000000
96800      25164.000000
96900      24994.000000
97000      24945.000000
97100      24994.000000
97200      24980.000000
97300      24959.000000
97400      24866.000000
97500      24951.000000
97600      24968.000000
97700      24946.000000
97800      24974.000000
97900      25132.000000
98000      25171.000000
98100      25164.000000
98200      25117.000000
98300      25196.000000
98400      25261.000000
98500      25487.000000
98600      25364.000000
98700      25271.000000
98800      25475.000000
98900      25311.000000
99000      25853.000000
99100      26971.000000
99200      25810.000000
99300      27121.000000
99400      26077.000000
99500      26105.000000
99600      25633.000000
99700      26817.000000
99800      26529.000000
99900      26119.000000
100000      26108.000000
100100      25815.000000
100200      25737.000000
100300      25779.000000
100400      25809.000000
100500      25770.000000
100600      25841.000000
100700      25854.000000
100800      25857.000000
100900      25967.000000
101000      26034.000000
101100      26068.000000
101200      25990.000000
101300      26399.000000
101400      26139.000000
101500      26095.000000
101600      26074.000000
101700      26265.000000
101800      26173.000000
101900      26148.000000
102000      26155.000000
102100      26225.000000
102200      26207.000000
102300      26509.000000
102400      26257.000000
102500      26337.000000
102600      26358.000000
102700      26411.000000
102800      26565.000000
102900      26519.000000
103000      26669.000000
103100      26606.000000
103200      26534.000000
103300      26571.000000
103400      26613.000000
103500      27209.000000
103600      26781.000000
103700      26785.000000
103800      26755.000000
103900      26709.000000
104000      26789.000000
104100      26877.000000
104200      26812.000000
104300      26895.000000
104400      26888.000000
104500      26888.000000
104600      26981.000000