100      33.000000
200      62.000000
300      100.000000
400      133.000000
500      167.000000
600      208.000000
700      244.000000
800      276.000000
900      316.000000
1000      361.000000
1100      588.000000
1200      654.000000
1300      712.000000
1400      779.000000
1500      834.000000
1600      905.000000
1700      961.000000
1800      1016.000000
1900      1090.000000
2000      1149.000000
2100      1204.000000
2200      1280.000000
2300      1214.000000
2400      1245.000000
2500      1303.000000
2600      1352.000000
2700      1411.000000
2800      1474.000000
2900      1524.000000
3000      1590.000000
3100      1414.000000
3200      1449.000000
3300      1444.000000
3400      1488.000000
3500      1532.000000
3600      1583.000000
3700      1632.000000
3800      1611.000000
3900      1465.000000
4000      1516.000000
4100      1535.000000
4200      1578.000000
4300      1630.000000
4400      1675.000000
4500      1698.000000
4600      1623.000000
4700      1666.000000
4800      1704.000000
4900      1738.000000
5000      1774.000000
5100      1805.000000
5200      1802.000000
5300      1789.000000
5400      1830.000000
5500      1846.000000
5600      1889.000000
5700      1920.000000
5800      1904.000000
5900      1856.000000
6000      1899.000000
6100      1914.000000
6200      1964.000000
6300      2002.000000
6400      1972.000000
6500      1957.000000
6600      1995.000000
6700      2017.000000
6800      2051.000000
6900      2089.000000
7000      2025.000000
7100      1850.000000
7200      1152.000000
7300      1173.000000
7400      1191.000000
7500      1214.000000
7600      1240.000000
7700      1248.000000
7800      1267.000000
7900      1284.000000
8000      1299.000000
8100      1313.000000
8200      1327.000000
8300      1351.000000
8400      1373.000000
8500      1386.000000
8600      1391.000000
8700      1235.000000
8800      1262.000000
8900      1270.000000
9000      1285.000000
9100      1292.000000
9200      1355.000000
9300      1326.000000
9400      1357.000000
9500      1362.000000
9600      1377.000000
9700      1391.000000
9800      1410.000000
9900      1420.000000
10000      1441.000000
10100      1441.000000
10200      1450.000000
10300      1474.000000
10400      1488.000000
10500      1509.000000
10600      1586.000000
10700      1546.000000
10800      1563.000000
10900      1578.000000
11000      1627.000000
11100      1612.000000
11200      1625.000000
11300      1638.000000
11400      1650.000000
11500      1663.000000
11600      1693.000000
11700      1694.000000
11800      1707.000000
11900      1724.000000
12000      1738.000000
12100      1751.000000
12200      1766.000000
12300      1780.000000
12400      1802.000000
12500      1822.000000
12600      1841.000000
12700      1857.000000
12800      1883.000000
12900      1890.000000
13000      1913.000000
13100      1923.000000
13200      2027.000000
13300      1950.000000
13400      1987.000000
13500      1980.000000
13600      2062.000000
13700      2018.000000
13800      2039.000000
13900      2051.000000
14000      2069.000000
14100      2082.000000
14200      2088.000000
14300      2105.000000
14400      2129.000000
14500      2141.000000
14600      2163.000000
14700      2191.000000
14800      2195.000000
14900      2210.000000
15000      2232.000000
15100      2259.000000
15200      2276.000000
15300      2271.000000
15400      2288.000000
15500      2307.000000
15600      2325.000000
15700      2341.000000
15800      2364.000000
15900      2370.000000
16000      2381.000000
16100      2398.000000
16200      2416.000000
16300      2430.000000
16400      2440.000000
16500      2477.000000
16600      2509.000000
16700      2546.000000
16800      2523.000000
16900      2535.000000
17000      2550.000000
17100      2584.000000
17200      2596.000000
17300      2611.000000
17400      2621.000000
17500      2641.000000
17600      2658.000000
17700      2683.000000
17800      2692.000000
17900      2705.000000
18000      2717.000000
18100      2733.000000
18200      2749.000000
18300      2776.000000
18400      2771.000000
18500      2791.000000
18600      2814.000000
18700      2831.000000
18800      2847.000000
18900      2858.000000
19000      2888.000000
19100      2896.000000
19200      2909.000000
19300      2917.000000
19400      2950.000000
19500      2963.000000
19600      2977.000000
19700      2992.000000
19800      3012.000000
19900      3027.000000
20000      3040.000000
20100      3041.000000
20200      3068.000000
20300      3069.000000
20400      3094.000000
20500      3096.000000
20600      3120.000000
20700      3140.000000
20800      3161.000000
20900      3221.000000
21000      3229.000000
21100      3222.000000
21200      3262.000000
21300      3306.000000
21400      3289.000000
21500      3296.000000
21600      3313.000000
21700      3327.000000
21800      3369.000000
21900      3416.000000
22000      3387.000000
22100      3412.000000
22200      3410.000000
22300      3431.000000
22400      3450.000000
22500      3460.000000
22600      3479.000000
22700      3494.000000
22800      3515.000000
22900      3524.000000
23000      3537.000000
23100      3547.000000
23200      3557.000000
23300      3584.000000
23400      3598.000000
23500      3611.000000
23600      3631.000000
23700      3645.000000
23800      3660.000000
23900      3669.000000
24000      3696.000000
24100      3708.000000
24200      3726.000000
24300      3772.000000
24400      3744.000000
24500      3751.000000
24600      3776.000000
24700      3792.000000
24800      3830.000000
24900      3834.000000
25000      3865.000000
25100      3878.000000
25200      3891.000000
25300      3915.000000
25400      3949.000000
25500      4030.000000
25600      3976.000000
25700      3990.000000
25800      4014.000000
25900      4027.000000
26000      4199.000000
26100      4181.000000
26200      4188.000000
26300      4148.000000
26400      4106.000000
26500      4159.000000
26600      4127.000000
26700      4159.000000
26800      4179.000000
26900      4195.000000
27000      4211.000000
27100      4228.000000
27200      4262.000000
27300      4292.000000
27400      4289.000000
27500      4305.000000
27600      4322.000000
27700      4344.000000
27800      4346.000000
27900      4366.000000
28000      4387.000000
28100      4387.000000
28200      4488.000000
28300      4428.000000
28400      4493.000000
28500      4448.000000
28600      4458.000000
28700      4471.000000
28800      4490.000000
28900      4511.000000
29000      4538.000000
29100      4555.000000
29200      4572.000000
29300      4602.000000
29400      4622.000000
29500      4631.000000
29600      4646.000000
29700      4667.000000
29800      4697.000000
29900      4730.000000
30000      4851.000000
30100      4771.000000
30200      4763.000000
30300      4775.000000
30400      4792.000000
30500      4821.000000
30600      4819.000000
30700      4834.000000
30800      4853.000000
30900      4867.000000
31000      4898.000000
31100      4910.000000
31200      4923.000000
31300      4938.000000
31400      4987.000000
31500      4981.000000
31600      4989.000000
31700      5014.000000
31800      5021.000000
31900      5037.000000
32000      5061.000000
32100      5075.000000
32200      5085.000000
32300      5094.000000
32400      5116.000000
32500      5121.000000
32600      5131.000000
32700      5152.000000
32800      5160.000000
32900      5194.000000
33000      5219.000000
33100      5228.000000
33200      5265.000000
33300      5324.000000
33400      5322.000000
33500      5312.000000
33600      5342.000000
33700      5348.000000
33800      5371.000000
33900      5400.000000
34000      5409.000000
34100      5428.000000
34200      5475.000000
34300      5473.000000
34400      5479.000000
34500      5514.000000
34600      5564.000000
34700      5527.000000
34800      5551.000000
34900      5567.000000
35000      5589.000000
35100      5609.000000
35200      5655.000000
35300      5659.000000
35400      5668.000000
35500      5674.000000
35600      5714.000000
35700      5718.000000
35800      5726.000000
35900      5747.000000
36000      5756.000000
36100      5775.000000
36200      5797.