100      15.000000
200      31.000000
300      49.000000
400      135.000000
500      182.000000
600      226.000000
700      286.000000
800      316.000000
900      349.000000
1000      406.000000
1100      446.000000
1200      522.000000
1300      552.000000
1400      605.000000
1500      632.000000
1600      696.000000
1700      730.000000
1800      778.000000
1900      867.000000
2000      897.000000
2100      961.000000
2200      1003.000000
2300      997.000000
2400      955.000000
2500      981.000000
2600      1086.000000
2700      1140.000000
2800      1149.000000
2900      1161.000000
3000      1245.000000
3100      1288.000000
3200      1346.000000
3300      1328.000000
3400      1285.000000
3500      1337.000000
3600      1365.000000
3700      1380.000000
3800      1390.000000
3900      1267.000000
4000      1259.000000
4100      1303.000000
4200      1343.000000
4300      1379.000000
4400      1069.000000
4500      1089.000000
4600      1069.000000
4700      1096.000000
4800      1128.000000
4900      1130.000000
5000      1168.000000
5100      1179.000000
5200      1138.000000
5300      1192.000000
5400      1198.000000
5500      1230.000000
5600      1252.000000
5700      1300.000000
5800      1313.000000
5900      1349.000000
6000      1284.000000
6100      1277.000000
6200      1343.000000
6300      1373.000000
6400      1437.000000
6500      1360.000000
6600      1399.000000
6700      1434.000000
6800      1445.000000
6900      1476.000000
7000      1413.000000
7100      1524.000000
7200      1464.000000
7300      1494.000000
7400      1508.000000
7500      1523.000000
7600      1554.000000
7700      1509.000000
7800      1574.000000
7900      1556.000000
8000      1589.000000
8100      1607.000000
8200      1664.000000
8300      1593.000000
8400      1639.000000
8500      1111.000000
8600      1004.000000
8700      1054.000000
8800      1066.000000
8900      1059.000000
9000      1049.000000
9100      1039.000000
9200      1087.000000
9300      1089.000000
9400      1073.000000
9500      1106.000000
9600      1196.000000
9700      1351.000000
9800      1210.000000
9900      1303.000000
10000      1338.000000
10100      1425.000000
10200      1266.000000
10300      1198.000000
10400      1194.000000
10500      1198.000000
10600      1262.000000
10700      1356.000000
10800      1238.000000
10900      1270.000000
11000      1266.000000
11100      1287.000000
11200      1312.000000
11300      1320.000000
11400      1330.000000
11500      1369.000000
11600      1328.000000
11700      1368.000000
11800      1418.000000
11900      1383.000000
12000      1367.000000
12100      1684.000000
12200      1486.000000
12300      1486.000000
12400      1448.000000
12500      1496.000000
12600      1510.000000
12700      1487.000000
12800      1539.000000
12900      1553.000000
13000      1697.000000
13100      1617.000000
13200      1556.000000
13300      1609.000000
13400      1593.000000
13500      1716.000000
13600      1629.000000
13700      1624.000000
13800      1716.000000
13900      1667.000000
14000      1656.000000
14100      1699.000000
14200      1689.000000
14300      1667.000000
14400      1761.000000
14500      1750.000000
14600      1785.000000
14700      1777.000000
14800      1825.000000
14900      1778.000000
15000      1831.000000
15100      1778.000000
15200      1807.000000
15300      1845.000000
15400      1879.000000
15500      1965.000000
15600      1857.000000
15700      1885.000000
15800      1950.000000
15900      1986.000000
16000      1985.000000
16100      1923.000000
16200      1995.000000
16300      1964.000000
16400      2027.000000
16500      1999.000000
16600      1999.000000
16700      2001.000000
16800      1995.000000
16900      2038.000000
17000      2076.000000
17100      2075.000000
17200      2119.000000
17300      2444.000000
17400      2090.000000
17500      2200.000000
17600      2157.000000
17700      2248.000000
17800      2166.000000
17900      2209.000000
18000      2202.000000
18100      2228.000000
18200      2272.000000
18300      2292.000000
18400      2221.000000
18500      2295.000000
18600      2226.000000
18700      2245.000000
18800      2303.000000
18900      2282.000000
19000      2335.000000
19100      2473.000000
19200      2452.000000
19300      2506.000000
19400      2545.000000
19500      2434.000000
19600      2561.000000
19700      2577.000000
19800      2513.000000
19900      2590.000000
20000      2483.000000
20100      2440.000000
20200      2736.000000
20300      2655.000000
20400      2629.000000
20500      2888.000000
20600      2718.000000
20700      2690.000000
20800      2870.000000
20900      2750.000000
21000      2714.000000
21100      2729.000000
21200      2966.000000
21300      2667.000000
21400      2694.000000
21500      2801.000000
21600      2644.000000
21700      2791.000000
21800      2751.000000
21900      2780.000000
22000      2768.000000
22100      2859.000000
22200      2851.000000
22300      2782.000000
22400      2793.000000
22500      2873.000000
22600      2781.000000
22700      2814.000000
22800      2819.000000
22900      2877.000000
23000      2859.000000
23100      2871.000000
23200      2898.000000
23300      2966.000000
23400      2969.000000
23500      3073.000000
23600      3024.000000
23700      2962.000000
23800      2980.000000
23900      3021.000000
24000      3090.000000
24100      3128.000000
24200      3123.000000
24300      3137.000000
24400      3068.000000
24500      3071.000000
24600      3301.000000
24700      3109.000000
24800      3284.000000
24900      3169.000000
25000      3099.000000
25100      3149.000000
25200      3293.000000
25300      3247.000000
25400      3267.000000
25500      3314.000000
25600      3283.000000
25700      3381.000000
25800      3306.000000
25900      3357.000000
26000      3344.000000
26100      3303.000000
26200      3447.000000
26300      3342.000000
26400      3373.000000
26500      3434.000000
26600      3380.000000
26700      3419.000000
26800      3400.000000
26900      3554.000000
27000      3362.000000
27100      3394.000000
27200      3542.000000
27300      3494.000000
27400      3587.000000
27500      3507.000000
27600      3480.000000
27700      3575.000000
27800      3545.000000
27900      3551.000000
28000      3578.000000
28100      3525.000000
28200      3552.000000
28300      3593.000000
28400      3583.000000
28500      3764.000000
28600      3895.000000
28700      3867.000000
28800      3796.000000
28900      3715.000000
29000      3909.000000
29100      3708.000000
29200      3736.000000
29300      3808.000000
29400      3834.000000
29500      3860.000000
29600      3765.000000
29700      3792.000000
29800      3924.000000
29900      4095.000000
30000      3983.000000
30100      3849.000000
30200      4129.000000
30300      3916.000000
30400      4128.000000
30500      4022.000000
30600      4033.000000
30700      4007.000000
30800      4022.000000
30900      4042.000000
31000      4022.000000
31100      4089.000000
31200      4192.000000
31300      4048.000000
31400      4101.000000
31500      4092.000000
31600      4223.000000
31700      4092.000000
31800      4156.000000
31900      4101.000000
32000      4149.000000
32100      4272.000000
32200      4268.000000
32300      4229.000000
32400      4352.000000
32500      4173.000000
32600      4230.000000
32700      4269.000000
32800      4221.000000
32900      4271.000000
33000      4386.000000
33100      4268.000000
33200      4363.000000
33300      4308.000000
33400      4270.000000
33500      4382.000000
33600      4355.000000
33700      4589.000000
33800      4451.000000
33900      4427.000000
34000      4496.000000
34100      4487.000000
34200      4453.000000
34300      4401.000000
34400      4648.000000
34500      4490.000000
34600      4456.000000
34700      4583.000000
34800      4538.000000
34900      4501.000000
35000      4594.000000
35100      4558.000000
35200      4615.000000
35300      4587.000000
35400      4697.000000
35500      4636.000000
35600      4649.000000
35700      4598.000000
35800      4758.000000
35900      4628.000000
36000      4733.000000
36100      5141.000000
36200      4927.000000
36300      5272.000000
36400      4963.000000
36500      5028.000000
36600      4883.000000
36700      5022.000000
36800      4735.000000
36900      4991.000000
37000      5121.000000
37100      5328.000000
37200      5283.000000
37300      5486.000000
37400      4973.000000
37500      5173.000000
37600      5061.000000
37700      5018.000000
37800      5125.000000
37900      5105.000000
38000      5086.000000
38100      5566.000000
38200      5122.000000
38300      5357.000000
38400      5937.000000
38500      5069.000000
38600      5225.000000
38700      5342.000000
38800      5179.000000
38900      5514.000000
39000      5462.000000
39100      5213.000000
39200      5296.000000
39300      5388.000000
39400      5349.000000
39500      5401.000000
39600      5375.000000
39700      5448.000000
39800      5387.000000
39900      5677.000000
40000      5392.000000
40100      5687.000000
40200      5399.000000
40300      5642.000000
40400      5634.000000
40500      5467.000000
40600      5410.000000
40700      5399.000000
40800      5438.000000
40900      5402.000000
41000      5635.000000
41100      5470.000000
41200      5482.000000
41300      5475.000000
41400      5545.000000
41500      5831.000000
41600      5689.000000
41700      5851.000000
41800      5483.000000
41900      5846.000000
42000      5664.000000
42100      5641.000000
42200      5618.000000
42300      5718.000000
42400      5657.000000
42500      5692.000000
42600      5744.000000
42700      5762.000000
42800      5838.000000
42900      5771.000000
43000      5786.000000
43100      5920.000000
43200      5968.000000
43300      5792.000000
43400      5685.000000
43500      6036.000000
43600      5850.000000
43700      5799.000000
43800      5950.000000
43900      5840.000000
44000      5874.000000
44100      5747.000000
44200      5971.000000
44300      6247.000000
44400      6170.000000
44500      6002.000000
44600      5922.000000
44700      5922.000000
44800      6065.000000
44900      5915.000000
45000      6120.000000
45100      5908.000000
45200      6252.000000
45300      6052.000000
45400      6259.000000
45500      6043.000000
45600      6070.000000
45700      6158.000000
45800      6030.000000
45900      6614.000000
46000      6295.000000
46100      6425.000000
46200      6215.000000
46300      6199.000000
46400      6279.000000
46500      6226.000000
46600      6311.000000
46700      6218.000000
46800      6184.000000
46900      6250.000000
47000      6316.000000
47100      6411.000000
47200      6288.000000
47300      6617.000000
47400      6379.000000
47500      6422.000000
47600      6475.000000
47700      6357.000000
47800      6320.000000
47900      6518.000000
48000      6534.000000
48100      6705.000000
48200      6762.000000
48300      6543.000000
48400      6655.000000
48500      6542.000000
48600      6583.000000
48700      6601.000000
48800      6728.000000
48900      6652.000000
49000      6927.000000
49100      6480.000000
49200      6537.000000
49300      6637.000000
49400      7145.000000
49500      6701.000000
49600      6788.000000
49700      7070.000000
49800      7064.000000
49900      7002.000000
50000      6813.000000
50100      6758.000000
50200      6588.000000
50300      6797.000000
50400      6790.000000
50500      6794.000000
50600      6868.000000
50700      6876.000000
50800      7098.000000
50900      7261.000000
51000      7018.000000
51100      6879.000000
51200      7045.000000
51300      7756.000000
51400      7537.000000
51500      7510.000000
51600      7743.000000
51700      7654.000000
51800      7208.000000
51900      7164.000000
52000      7025.000000
52100      7583.000000
52200      7402.000000
52300      7829.000000
52400      7955.000000
52500      7447.000000
52600      7344.000000
52700      7449.000000
52800      7570.000000
52900      7300.000000
53000      7445.000000
53100      7498.000000
53200      7856.000000
53300      8126.000000
53400      7446.000000
53500      8022.000000
53600      7738.000000
53700      7673.000000
53800      7655.000000
53900      7371.000000
54000      7550.000000
54100      8042.000000
54200      7738.000000
54300      8004.000000
54400      7936.000000
54500      8077.000000
54600      7433.000000
54700      7591.000000
54800      7811.000000
54900      7571.000000
55000      7858.000000
55100      7410.000000
55200      7683.000000
55300      7594.000000
55400      7731.000000
55500      7432.000000
55600      7638.000000
55700      7835.000000
55800      7818.000000
55900      7611.000000
56000      7886.000000
56100      7812.000000
56200      8057.000000
56300      7796.000000
56400      7862.000000
56500      7700.000000
56600      7797.000000
56700      7808.000000
56800      7892.000000
56900      7960.000000
57000      7806.000000
57100      7915.000000
57200      7648.000000
57300      7681.000000
57400      7822.000000
57500      8130.000000
57600      7926.000000
57700      8092.000000
57800      8053.000000
57900      8184.000000
58000      7998.000000
58100      7978.000000
58200      8168.000000
58300      8370.000000
58400      8579.000000
58500      8120.000000
58600      7946.000000
58700      8387.000000
58800      8395.000000
58900      8035.000000
59000      8100.000000
59100      8115.000000
59200      8023.000000
59300      8352.000000
59400      8235.000000
59500      8214.000000
59600      8113.000000
59700      8195.000000
59800      8086.000000
59900      8262.000000
60000      8265.000000
60100      8382.000000
60200      8306.000000
60300      8397.000000
60400      8523.000000
60500      8620.000000
60600      8326.000000
60700      8501.000000
60800      8521.000000
60900      8541.000000
61000      8602.000000
61100      8558.000000
61200      8524.000000
61300      8432.000000
61400      8434.000000
61500      8702.000000
61600      8967.000000
61700      8364.000000
61800      8503.000000
61900      8570.000000
62000      8613.000000
62100      8530.000000
62200      8465.000000
62300      8603.000000
62400      8497.000000
62500      8701.000000
62600      8552.000000
62700      8655.000000
62800      8595.000000
62900      8875.000000
63000      8700.000000
63100      8920.000000
63200      8625.000000
63300      8940.000000
63400      8984.000000
63500      8872.000000
63600      8713.000000
63700      8954.000000
63800      9004.000000
63900      8838.000000
64000      8925.000000
64100      9374.000000
64200      8988.000000
64300      9007.000000
64400      9106.000000
64500      9219.000000
64600      8965.000000
64700      9261.000000
64800      9174.000000
64900      8992.000000
65000      9500.000000
65100      8875.000000
65200      9177.000000
65300      9156.000000
65400      9714.000000
65500      9044.000000
65600      9111.000000
65700      9067.000000
65800      9134.000000
65900      9372.000000
66000      9387.000000
66100      9114.000000
66200      9207.000000
66300      9027.000000
66400      9587.000000
66500      9261.000000
66600      9309.000000
66700      9290.000000
66800      9193.000000
66900      9560.000000
67000      9433.000000
67100      9334.000000
67200      9611.000000
67300      9239.000000
67400      9417.000000
67500      9635.000000
67600      9294.000000
67700      9460.000000
67800      9605.000000
67900      9495.000000
68000      9785.000000
68100      9776.000000
68200      9615.000000
68300      9613.000000
68400      10048.000000
68500      10239.000000
68600      10455.000000
68700      10059.000000
68800      9719.000000
68900      10363.000000
69000      9510.000000
69100      9579.000000
69200      10100.000000
69300      9911.000000
69400      9665.000000
69500      10515.000000
69600      9859.000000
69700      10658.000000
69800      10354.000000
69900      10058.000000
70000      9670.000000
70100      10152.000000
70200      9824.000000
70300      9671.000000
70400      10646.000000
70500      9695.000000
70600      9850.000000
70700      10199.000000
70800      9942.000000
70900      9961.000000
71000      10222.000000
71100      9862.000000
71200      10048.000000
71300      10694.000000
71400      10155.000000
71500      9987.000000
71600      10220.000000
71700      10027.000000
71800      9974.000000
71900      10108.000000
72000      10024.000000
72100      10318.000000
72200      10424.000000
72300      10584.000000
72400      10231.000000
72500      10389.000000
72600      10414.000000
72700      10081.000000
72800      10209.000000
72900      10159.000000
73000      10266.000000
73100      10147.000000
73200      10337.000000
73300      10275.000000
73400      10309.000000
73500      10070.000000
73600      10221.000000
73700      10280.000000
73800      10443.000000
73900      10290.000000
74000      10490.000000
74100      10724.000000
74200      10485.000000
74300      10672.000000
74400      10776.000000
74500      10715.000000
74600      10438.000000
74700      10735.000000
74800      10738.000000
74900      10844.000000
75000      10642.000000
75100      10660.000000
75200      11194.000000
75300      10506.000000
75400      10384.000000
75500      10705.000000
75600      10582.000000
75700      10695.000000
75800      10896.000000
75900      10817.000000
76000      11436.000000
76100      10944.000000
76200      10686.000000
76300      10585.000000
76400      10825.000000
76500      10789.000000
76600      11121.000000
76700      11224.000000
76800      10838.000000
76900      10779.000000
77000      10747.000000
77100      10935.000000
77200      10848.000000
77300      10814.000000
77400      11098.000000
77500      11116.000000
77600      10947.000000
77700      10954.000000
77800      11418.000000
77900      11067.000000
78000      11120.000000
78100      11244.000000
78200      11364.000000
78300      11586.000000
78400      11323.000000
78500      11803.000000
78600      11333.000000
78700      11094.000000
78800      11254.000000
78900      11188.000000
79000      11297.000000
79100      11444.000000
79200      11638.000000
79300      11530.000000
79400      11243.000000
79500      11792.000000
79600      11426.000000
79700      11376.000000
79800      11388.000000
79900      11290.000000
80000      11323.000000
80100      11348.000000
80200      11321.000000
80300      11214.000000
80400      11385.000000
80500      11765.000000
80600      11991.000000
80700      11838.000000
80800      12079.000000
80900      11851.000000
81000      11587.000000
81100      11567.000000
81200      11721.000000
81300      11681.000000
81400      11457.000000
81500      11801.000000
81600      11758.000000
81700      12382.000000
81800      11680.000000
81900      11822.000000
82000      11898.000000
82100      11824.000000
82200      11809.000000
82300      11446.000000
82400      11518.000000
82500      11689.000000
82600      11805.000000
82700      11670.000000
82800      12043.000000
82900      11839.000000
83000      11988.000000
83100      11944.000000
83200      12562.000000
83300      12115.000000
83400      11848.000000
83500      11727.000000
83600      12084.000000
83700      11910.000000
83800      11646.000000
83900      11877.000000
84000      11886.000000
84100      12184.000000
84200      12092.000000
84300      12210.000000
84400      12174.000000
84500      11951.000000
84600      11978.000000
84700      12384.000000
84800      12109.000000
84900      11912.000000
85000      12063.000000
85100      12085.000000
85200      12192.000000
85300      12181.000000
85400      12294.000000
85500      11888.000000
85600      12472.000000
85700      12006.000000
85800      11886.000000
85900      12070.000000
86000      12123.000000
86100      12273.000000
86200      12429.000000
86300      12204.000000
86400      12286.000000
86500      12291.000000
86600      12200.000000
86700      12312.000000
86800      11961.000000
86900      12047.000000
87000      12274.000000
87100      12532.000000
87200      12110.000000
87300      12167.000000
87400      12731.000000
87500      12488.000000
87600      12311.000000
87700      12720.000000
87800      12647.000000
87900      12789.000000
88000      12667.000000
88100      12688.000000
88200      12368.000000
88300      12735.000000
88400      12407.000000
88500      12233.000000
88600      12473.000000
88700      12664.000000
88800      12648.000000
88