100      62.000000
200      266.000000
300      521.000000
400      928.000000
500      1378.000000
600      1999.000000
700      2680.000000
800      3482.000000
900      3948.000000
1000      4775.000000
1100      5618.000000
1200      6169.000000
1300      6247.000000
1400      5935.000000
1500      6222.000000
1600      6346.000000
1700      6919.000000
1800      7596.000000
1900      6467.000000
2000      4935.000000
2100      5440.000000
2200      5964.000000
2300      6533.000000
2400      7084.000000
2500      7657.000000
2600      8154.000000
2700      8642.000000
2800      9050.000000
2900      9555.000000
3000      10096.000000
3100      10788.000000
3200      11483.000000
3300      12206.000000
3400      12951.000000
3500      13703.000000
3600      14628.000000
3700      15350.000000
3800      16141.000000
3900      17002.000000
4000      17920.000000
4100      18783.000000
4200      19711.000000
4300      20699.000000
4400      21637.000000
4500      22644.000000
4600      23631.000000
4700      24605.000000
4800      25679.000000
4900      26793.000000
5000      27874.000000
5100      29014.000000
5200      30167.000000
5300      31745.000000
5400      32540.000000
5500      33812.000000
5600      34990.000000
5700      36215.000000
5800      37467.000000
5900      38810.000000
6000      40078.000000
6100      41458.000000
6200      42749.000000
6300      44103.000000
6400      46892.000000
6500      47048.000000
6600      48518.000000
6700      50115.000000
6800      53980.000000
6900      53334.000000
7000      54434.000000
7100      55987.000000
7200      57791.000000
7300      59329.000000
7400      60932.000000
7500      62565.000000
7600      64276.000000
7700      66429.000000
7800      68383.000000
7900      70877.000000
8000      71370.000000
8100      73488.000000
8200      75091.000000
8300      76752.000000
8400      78770.000000
8500      80648.000000
8600      83331.000000
8700      84261.000000
8800      86434.000000
8900      88240.000000
9000      90079.000000
9100      91989.000000
9200      94621.000000
9300      96314.000000
9400      101267.000000
9500      101288.000000
9600      104744.000000
9700      111254.000000
9800      112066.000000
9900      111561.000000
10000      112173.000000
10100      113603.000000
10200      115760.000000
10300      118430.000000
10400      120545.000000
10500      123357.000000
10600      125781.000000
10700      128695.000000
10800      129976.000000
10900      133668.000000
11000      141459.000000
11100      139178.000000
11200      141373.000000
11300      143439.000000
11400      146002.000000
11500      148095.000000
11600      151626.000000
11700      153846.000000
11800      155688.000000
11900      158157.000000
12000      162901.000000
12100      165571.000000
12200      165412.000000
12300      169439.000000
12400      172387.000000
12500      173547.000000
12600      178162.000000
12700      179592.000000
12800      182703.000000
12900      186035.000000
13000      189424.000000
13100      191941.000000
13200      195909.000000
13300      198108.000000
13400      201217.000000
13500      203339.000000
13600      207344.000000
13700      209115.000000
13800      212926.000000
13900      215756.000000
14000      219891.000000
14100      222632.000000
14200      224921.000000
14300      234041.000000
14400      233364.000000
14500      235229.000000
14600      238170.000000
14700      241271.000000
14800      245248.000000
14900      256732.000000
15000      258260.000000
15100      256698.000000
15200      257010.000000
15300      260584.000000
15400      263880.000000
15500      270503.000000
15600      271458.000000
15700      274080.000000
15800      277701.000000
15900      280656.000000
16000      285686.000000
16100      288922.000000
16200      292184.000000
16300      297619.000000
16400      301739.000000
16500      304953.000000
16600      308065.000000
16700      317708.000000
16800      318242.000000
16900      320349.000000
17000      324133.000000
17100      327063.000000
17200      337521.000000
17300      338469.000000
17400 